40 44
45 41
3 3
215 226
15 13
63 54
0 21
210 191
0 1
8 5
232 216
22 26
0 10
1 3
26 19
18 26
0 113
12 11
7 11
33 35
2 2
6 6
3 3
763 535
35 33
13 12
2 3
25 25
11 11
12 10
1 1
2 2
30 29
1 1
2 2
7 7
100 95
1 1
59 80
5 9
1 1
7 6
1 1
7 9
6 6
1 1
11 11
1 1
7 10
5 5
78 69
3 3
21 14
8 10
63 66
1 1
17 17
6 9
14 52
1 1
56 54
1 1
2 2
2 2
1 1
6 6
42 37
4 4
1 1
7 6
5 7
12 8
0 1
1 2
1 1
2 2
4 6
5 6
12 15
5 6
26 14
32 24
6 9
3 3
2 1
2 3
2 6
1 1
0 1
32 32
2 2
42 36
8 8
92 93
11 12
2 2
2 2
1 1
21 21
4 3
11 11
22 20
43 41
1 1
15 15
2 3
5 5
12 13
36 28
5 3
3 10
4 6
1 1
3 2
7 7
2 2
1 3
7 7
3 3
2 2
9 8
1 2
13 13
10 11
1 1
1 2
1 1
53 50
1 1
3 4
4 4
1 1
4 3
10 9
37 34
2 7
9 10
5 6
24 24
1 1
3 3
23 19
2 2
11 12
1 1
32 32
2 2
2 3
1 1
2 3
18 17
2 2
3 3
1 1
1 1
45 50
6 4
8 7
2 4
127 115
10 9
24 31
0 1
15 15
6 7
27 30
1 1
5 6
1 2
6 6
1 1
12 14
54 53
9 9
3 3
1 2
18 18
0 1
0 11
8 7
6 3
6 6
14 13
5 32
4 4
1 1
1 3
2 2
2 3
9 13
12 13
3 2
1 1
8 6
11 8
3 4
7 5
14 16
4 5
5 4
4 11
3 5
1 1
3 2
2 3
8 9
20 20
12 9
1 1
1 0
2 1
32 33
93 18
2 2
3 2
0 3
7 8
6 7
2 2
0 2
3 5
18 17
1 1
5 5
3 4
8 8
4 5
2 2
9 12
27 25
17 21
1 2
5 6
47 37
1 2
1 2
3 4
59 58
0 1
5 6
13 15
10 8
6 6
2 2
1 1
7 7
1 1
1 1
1 2
4 6
1 1
24 21
1 6
2 3
8 10
2 2
4 4
0 1
1 1
104 100
5 4
1 1
1 1
1 2
11 13
45 34
4 7
1 1
12 11
2 2
3 2
0 2
2 2
4 4
6 4
8 8
5 5
11 8
1 1
5 5
12 11
1 1
5 6
1 1
1 3
1 1
0 1
0 1
4 4
25 22
1 1
4 8
1 1
5 6
0 1
27 28
2 1
86 85
1 1
1 1
4 4
3 4
11 12
3 2
1 2
7 5
1 1
1 1
2 2
1 1
2 1
6 6
35 35
2 3
2 3
10 11
8 10
1 1
3 4
1 1
16 18
12 12
1 1
10 11
3 4
17 18
1 1
2 2
10 9
1 1
2 3
7 9
2 3
12 11
17 16
23 11
11 12
5 1
16 18
1 1
8 8
8 8
1 1
6 6
19 19
3 3
0 2
11 14
3 3
4 5
3 3
8 10
1 1
18 20
13 14
3 3
6 5
6 7
1 1
0 1
16 11
2 4
1 1
3 2
11 12
1 1
3 2
5 5
1 1
2 2
13 13
1 3
2 2
6 2
8 8
1 1
16 13
2 2
2 1
1 1
20 19
2 3
3 4
2 4
1 2
1 1
2 2
21 21
3 3
3 3
8 10
1 1
2 1
16 16
2 2
4 2
5 2
5 4
11 14
2 2
3 4
62 59
4 5
15 14
13 15
2 2
1 1
4 15
1 1
0 1
31 25
8 7
9 9
16 16
0 3
2 3
2 3
3 3
6 5
0 1
0 1
0 1
16 15
1 1
36 37
1 1
0 1
26 22
1 1
4 4
0 2
9 9
10 10
3 2
50 53
18 17
9 8
3 3
13 11
4 3
3 4
6 6
7 5
4 4
10 12
19 18
2 2
0 1
1 1
4 2
3 2
4 3
1 2
4 4
4 3
2 2
1 1
3 4
2 2
5 5
2 2
5 5
3 3
0 1
5 5
0 1
1 1
19 18
0 1
10 10
0 1
34 34
45 60
1 1
0 1
0 1
2 2
80 47
4 4
2 2
1 1
10 11
1 1
4 3
15 13
8 10
16 27
4 4
56 54
8 9
19 18
47 43
1 1
7 7
3 3
0 1
1 1
2 2
23 79
167 144
17 15
3 5
2 2
0 1
51 44
1 1
1 2
8 9
2 1
1 2
3 3
2 3
3 3
2 2
8 10
2 2
9 8
5 5
1 1
8 9
0 2
3 3
3 2
19 18
5 6
2 2
5 5
1 1
1 1
7 8
9 9
1 1
1 1
2 1
1 2
3 4
1 1
10 9
4 4
5 5
2 2
1 6
56 55
13 15
0 1
2 4
1 2
1 1
2 3
2 2
8 9
1 1
1 1
1 1
1 1
1 1
1 1
4 4
4 4
16 15
1 1
8 8
1 1
6 6
1 1
1 1
1 1
2 2
1 1
4 3
1 1
2 2
3 3
9 9
1 1
3 3
7 6
4 3
1 1
21 17
9 6
14 16
2 2
28 28
1 1
4 4
21 22
7 8
34 33
31 29
1 1
2 1
2 2
2 2
0 1
8 9
2 4
13 11
27 29
1 1
2 2
10 9
9 10
3 3
4 4
14 16
3 2
3 3
6 5
2 1
4 3
1 1
2 2
40 38
1 2
2 1
2 2
4 4
8 8
1 1
2 2
1 1
1 3
2 2
1 1
2 2
2 2
8 7
1 1
8 8
3 3
0 1
0 2
1 1
3 2
2 2
46 47
6 5
6 6
1 2
7 5
0 2
1 1
0 1
1 2
2 2
1 1
1 1
1 1
4 4
2 2
13 12
6 5
2 2
2 3
6 5
15 16
1 1
3 3
6 6
1 1
3 4
28 23
1 1
1 1
17 17
1 1
4 3
1 1
2 2
1 1
7 6
1 1
3 2
25 25
6 7
2 2
7 8
2 2
0 3
54 54
2 3
1 1
36 36
8 9
3 3
7 9
1 1
1 1
1 1
4 5
4 5
1 1
1 1
2 2
16 17
3 3
3 4
1 1
1 1
1 1
2 2
1 1
0 1
2 2
6 5
1 1
4 3
1 1
7 7
0 2
10 11
1 1
1 1
1 1
1 3
1 1
2 2
1 1
1 1
12 12
6 7
4 4
23 23
1 1
2 2
1 2
58 56
3 3
10 16
7 9
2 2
12 10
12 14
9 11
2 3
1 1
4 3
1 1
9 8
3 3
4 4
1 1
2 2
5 5
3 2
3 3
3 3
5 5
1 1
1 1
3 2
4 3
1 1
10 9
7 7
1 1
10 6
2 4
0 1
1 1
3 3
1 1
1 1
3 3
4 4
1 1
1 1
2 2
1 1
2 2
3 3
1 2
5 7
1 1
20 19
1 1
8 8
2 2
6 9
2 1
0 2
3 3
0 1
2 2
0 3
4 4
1 1
2 2
9 8
2 2
0 1
77 92
4 3
4 3
1 1
2 1
2 2
7 7
5 5
1 1
2 2
1 2
5 4
1 1
8 8
1 2
1 1
14 14
2 2
0 1
1 1
1 1
4 9
10 11
2 2
3 3
0 1
1 2
4 4
2 3
1 1
1 2
9 6
1 3
3 4
2 2
2 2
5 5
2 1
2 2
1 1
2 2
2 2
1 1
56 53
1 1
2 2
1 1
1 1
0 1
2 2
7 6
1 1
0 4
12 13
0 1
0 7
2 1
2 2
4 3
12 12
1 1
2 4
6 5
8 6
7 9
7 6
44 54
2 3
4 2
3 2
4 4
1 1
1 1
3 3
1 1
10 10
1 1
1 1
9 9
12 12
8 9
1 1
21 21
3 3
3 3
5 7
9 14
1 2
5 6
1 1
2 2
0 1
56 57
6 6
1 2
31 31
2 2
2 2
1 2
7 7
1 1
2 2
1 1
2 1
3 2
4 4
0 1
4 4
1 1
1 1
2 3
2 1
1 1
1 1
2 3
2 3
2 2
4 4
6 6
1 1
1 1
10 10
2 1
6 7
0 1
1 1
1 1
1 1
0 1
7 6
2 2
1 1
4 5
1 1
2 2
8 7
14 16
1 1
1 1
2 2
5 5
1 1
5 5
1 1
2 2
2 2
13 12
1 1
1 1
0 2
1 1
3 2
2 4
264 264
1 1
2 3
1 1
1 1
10 13
1 1
1 1
1 2
0 1
2 2
1 1
7 6
3 3
4 5
3 3
1 2
9 11
1 1
1 1
1 1
1 1
203 179
6 3
4 4
3 2
2 1
1 2
2 2
2 2
9 10
1 1
11 13
1 1
2 1
1 1
1 1
1 1
11 11
0 1
3 2
4 5
0 1
1 1
11 13
5 2
0 1
2 2
10 11
13 13
2 2
3 1
1 1
4 4
1 1
3 3
2 2
54 8
47 46
2 2
1 2
2 2
2 2
3 3
16 15
1 1
1 1
2 1
1 1
5 6
3 3
4 4
4 6
4 4
1 1
2 4
1 2
1 1
1 1
5 5
4 4
1 1
0 2
1 1
11 11
1 1
1 1
1 1
1 1
1 1
3 4
1 1
1 1
1 1
1 1
1 1
1 0
4 4
0 1
22 12
1 1
31 29
8 4
3 3
1 1
12 13
11 12
1 1
2 2
1 1
1 1
1 1
6 5
3 2
2 2
7 6
1 1
1 1
1 1
2 2
1 1
3 2
5 5
2 2
0 2
1 1
1 1
5 6
1 1
2 2
1 1
0 1
1 1
1 1
1 1
3 2
7 7
3 3
4 2
2 2
4 3
3 3
0 1
0 1
0 1
5 6
0 4
0 2
0 2
4 6
0 2
2 6
1 1
3 2
1 1
0 1
1 1
1 1
0 1
1 1
2 2
1 1
2 2
2 17
0 1
1 1
1 1
1 1
5 6
1 1
1 1
70 68
1 1
2 2
3 3
4 4
1 1
3 3
1 2
1 1
0 1
0 1
3 3
1 1
4 3
1 1
0 1
3 2
2 1
2 2
1 1
1 1
0 1
31 39
2 2
2 2
1 1
1 1
2 3
3 3
4 3
2 1
1 1
1 1
2 3
1 2
2 2
2 2
5 5
69 58
2 3
15 14
2 1
1 2
12 13
1 1
2 1
1 1
0 1
1 1
1 2
2 1
1 1
1 1
79 81
1 2
3 3
2 1
1 1
12 12
2 2
1 1
2 2
5 5
4 5
1 1
10 10
2 2
2 3
3 3
1 1
1 1
1 1
1 1
3 2
0 2
9 7
1 1
2 2
3 3
5 5
5 6
36 36
0 1
2 2
1 1
2 2
1 1
13 12
2 2
2 2
2 2
1 1
1 1
1 1
14 18
4 3
1 1
3 3
1 1
3 3
3 3
2 2
1 1
2 2
3 4
3 3
21 18
11 14
1 1
4 4
1 1
13 15
5 5
1 1
8 11
1 1
1 2
1 1
56 55
2 2
1 1
1 1
0 1
1 1
0 1
2 2
2 2
11 11
11 11
2 2
20 19
5 5
2 2
0 1
6 7
1 2
0 1
1 1
3 3
2 2
4 4
9 8
1 1
1 1
1 1
2 2
0 3
1 1
4 3
1 1
12 12
5 4
1 1
1 1
0 1
6 5
49 51
115 110
32 23
5 5
3 2
1 1
8 9
1 1
2 2
5 4
1 1
5 5
1 1
0 3
1 1
2 16
7 9
1 1
2 2
0 1
1 1
2 2
164 164
3 3
7 1
1 1
2 2
1 1
2 2
4 8
2 2
1 1
35 34
3 3
1 1
1 1
154 118
12 11
6 5
1 1
2 2
4 5
3 4
2 2
1 1
0 1
3 2
59 44
1 1
1 1
40 44
0 1
17 20
3 3
4 4
2 1
1 1
1 1
1 1
13 13
1 1
5 6
1 1
1 1
1 1
66 96
6 7
2 2
0 1
1 1
1 1
2 2
0 4
1 2
12 14
0 1
1 1
1 1
162 118
3 2
15 14
4 3
4 4
21 21
5 5
3 3
1 1
4 4
1 1
1 1
1 1
2 2
2 2
21 20
5 5
0 1
2 2
12 7
1 1
4 3
1 1
1 1
2 2
2 1
4 2
1 1
1 1
1 1
3 3
1 1
0 1
1 1
1 1
1 1
2 2
1 1
1 1
1 1
3 4
4 5
0 1
2 2
3 2
4 3
1 1
2 2
0 1
2 3
1 2
4 4
172 134
1 1
1 1
0 1
7 8
1 1
7 11
1 1
1 1
4 3
2 2
4 4
0 1
0 1
2 2
3 3
4 7
5 5
1 1
1 1
2 2
1 1
7 7
1 1
22 18
1 1
0 3
1 2
8 9
4 4
23 16
2 2
3 3
1 1
5 5
1 1
1 1
5 5
1 1
0 1
12 11
1 1
1 1
1 1
10 9
3 3
1 1
2 1
0 1
0 1
2 2
32 28
0 1
32 30
0 1
0 1
36 31
2 2
3 3
26 28
0 1
2 5
2 3
0 2
2 3
1 1
30 27
4 4
8 7
0 3
2 2
6 4
5 5
2 2
0 1
2 2
8 7
7 6
1 1
6 6
27 27
38 37
1 1
2 1
0 1
2 2
0 1
2 5
1 1
1 1
1 1
16 16
0 1
9 6
2 2
45 51
5 5
0 1
5 4
1 1
18 18
1 1
4 4
1 1
1 1
1 1
0 4
67 65
14 14
16 16
0 1
1 1
1 1
0 1
30 30
1 1
19 14
1 1
2 1
1 1
1 0
1 1
1 2
2 2
94 98
0 1
0 1
2 3
1 1
3 3
1 1
1 2
3 3
28 21
10 13
83 74
2 2
0 2
1 1
0 1
1 1
5 5
0 1
7 7
1 2
1 2
0 1
0 2
1 1
4 4
1 1
1 1
1 1
1 1
5 4
2 2
2 3
2 1
8 7
1 1
2 2
1 1
86 63
4 4
1 1
2 2
15 10
6 4
2 2
37 37
2 2
1 1
2 2
3 12
1 1
1 2
3 2
1 1
6 7
55 45
1 1
1 1
1 2
3 3
2 2
8 12
2 2
26 16
1 1
1 1
1 2
0 1
125 103
3 2
3 3
0 1
3 7
6 5
3 2
10 8
4 4
5 4
0 1
0 2
1 1
43 41
2 6
0 1
1 1
4 6
3 3
3 3
2 2
2 6
31 30
1 1
4 3
6 9
0 1
2 2
2 2
9 9
53 54
4 4
25 23
1 1
1 1
1 1
1 1
1 1
1 1
1 1
5 3
10 10
1 2
2 2
20 16
23 28
1 1
3 2
3 3
58 53
0 1
1 1
3 3
1 1
1 1
4 4
11 14
4 4
1 2
1 3
0 1
1 1
1 1
0 1
1 1
0 1
3 3
10 9
38 37
5 3
0 1
1 1
1 2
1 1
1 1
1 2
8 8
1 3
5 4
1 1
1 1
1 1
5 10
0 1
34 38
10 10
0 1
2 2
0 1
2 2
90 84
2 2
1 0
3 3
9 11
1 1
1 3
1 1
22 18
0 1
3 2
7 7
24 19
16 16
69 69
3 6
13 11
2 1
1 1
0 1
1 1
1 1
1 1
3 3
2 2
4 4
16 15
1 1
2 2
1 1
1 1
74 82
7 10
0 3
6 7
1 3
2 2
1 1
7 7
1 1
2 2
2 2
38 37
8 8
2 2
3 1
3 3
2 2
1 1
2 2
19 18
3 3
4 11
0 1
2 4
1 1
3 2
2 2
4 4
6 6
1 1
59 62
7 7
1 1
3 3
0 2
1 1
8 8
1 1
2 3
8 5
8 13
11 10
1 1
1 1
3 1
1 1
4 4
1 1
21 20
1 1
1 1
4 5
4 3
2 2
1 1
1 1
2 2
0 2
1 1
9 10
1 1
0 2
1 1
84 105
3 2
3 2
1 1
0 1
1 2
4 4
404 311
3 5
25 24
1 1
3 3
12 11
5 5
2 4
23 29
1 2
7 10
31 37
2 1
6 5
16 28
2 3
1 1
2 3
0 1
0 3
1 3
1 2
0 1
12 11
63 57
1 2
0 2
1 1
2 4
1 1
1 2
1 1
1 1
1 1
0 1
1 2
14 12
1 1
1 1
9 7
5 5
0 3
6 5
5 5
3 3
1 1
1 1
1 1
1 2
26 21
7 5
1 1
5 5
3 3
1 1
5 5
6 6
1 1
18 19
1 1
2 2
138 132
3 3
1 2
2 2
1 1
1 1
16 14
2 2
2 3
1 1
2 1
1 1
4 6
1 2
0 1
2 4
28 26
3 4
3 4
10 11
3 2
40 38
32 26
5 5
1 1
1 1
0 1
1 1
15 15
1 1
1 1
2 2
19 20
2 1
0 1
7 8
3 2
1 1
3 3
9 11
3 3
1 1
1 2
8 7
2 2
5 3
1 2
5 5
8 19
2 2
1 1
5 7
1 1
169 165
7 6
2 7
4 5
2 2
2 1
2 2
1 1
3 1
7 7
0 1
14 12
1 1
2 3
49 29
2 2
1 1
0 1
1 2
14 10
3 3
5 6
2 2
2 6
4 4
4 4
1 1
7 7
2 1
0 1
6 4
1 1
1 1
6 5
1 1
2 3
3 2
9 9
16 20
3 3
4 4
6 6
1 1
82 74
11 10
17 16
1 1
2 3
1 1
3 4
8 10
0 1
45 24
5 5
1 1
0 1
28 35
1 1
2 2
15 15
7 8
1 1
1 1
9 45
5 6
2 3
6 1
1 1
5 3
0 1
6 6
1 1
1 1
1 1
1 1
1 1
1 1
17 16
2 2
2 3
24 18
293 279
2 2
0 1
1 1
1 1
0 1
13 11
0 1
5 5
8 11
170 128
6 7
1 2
6 6
0 2
2 3
11 5
1 1
4 5
2 2
2 2
2 2
21 16
0 1
1 1
2 2
52 55
9 5
0 3
1 1
186 117
2 1
12 10
1 1
13 12
4 5
8 9
5 1
0 1
2 2
0 1
3 3
1 1
17 16
3 3
1 1
1 1
18 18
1 1
7 7
2 2
15 20
4 4
7 6
1 1
4 7
1 1
5 5
2 8
4 6
2 1
2 2
0 1
1 1
3 5
7 9
3 3
0 1
2 2
1 1
2 2
3 5
1 1
1 1
1 1
12 23
1 2
3 4
1 1
1 2
24 25
6 6
60 53
4 4
4 4
3 3
9 8
18 15
0 1
10 9
2 2
397 180
1 1
11 10
1 1
3 2
7 9
2 2
1 1
2 2
3 3
2 2
13 17
3 2
8 7
3 3
32 26
2 2
4 3
1 2
5 3
14 13
2 1
1 1
1 1
2 1
0 1
5 4
0 1
1 2
2 2
12 15
5 3
2 2
1 1
2 2
1 1
0 5
2 3
19 20
1 1
1 1
0 1
1 1
1 1
67 54
21 15
18 14
7 7
0 1
9 11
0 1
1 2
0 4
1 1
53 49
1 1
1 1
1 1
20 26
11 19
3 3
0 1
0 1
8 8
74 38
5 6
0 1
1 1
3 3
2 2
9 9
4 4
1 1
4 5
8 8
1 1
1 1
9 8
0 1
1 1
1 2
3 3
2 2
37 31
1 1
0 1
7 5
1 0
8 8
1 1
6 6
1 1
1 1
1 1
4 5
1 1
1 1
2 2
1 1
14 16
10 11
10 10
14 12
1 1
1 1
4 2
1 1
1 1
0 1
1 1
2 3
1 1
14 11
22 16
0 2
2 3
0 1
0 1
1 1
5 5
1 1
1 1
8 6
3 3
5 6
3 2
0 4
4 4
35 27
4 5
3 3
0 1
1 1
5 4
2 3
141 53
4 4
0 1
3 2
8 8
1 1
2 2
2 2
3 3
4 4
1 1
1 1
1 1
10 7
2 2
0 1
10 7
0 1
1 1
0 85
1 2
7 8
1 1
6 5
10 11
1 1
10 10
1 1
11 11
0 1
1 1
1 1
200 145
6 6
1 1
10 7
6 6
26 29
1 4
4 1
0 1
28 23
4 3
10 10
12 11
3 5
20 20
0 1
2 3
3 3
38 32
2 2
1 1
1 1
29 31
1 1
1 1
13 10
2 1
1 1
1 1
1 1
3 3
12 13
3 3
1 1
3 3
3 3
0 1
1 1
1 1
4 3
2 3
3 9
27 23
1 1
2 2
7 5
3 3
36 34
6 6
1 1
2 2
1 1
1 1
1 1
5 6
4 3
4 3
1 1
1 1
35 26
5 4
1 2
4 4
1 1
2 2
1 1
1 3
1 1
2 4
1 1
2 2
55 47
2 2
1 1
1 1
2 1
0 1
8 7
2 1
3 3
3 1
5 5
2 2
6 5
2 2
19 19
2 2
1 1
1 1
1 1
17 14
48 43
11 14
20 19
2 2
1 1
2 2
65 63
2 2
4 3
4 4
4 5
5 7
2 3
0 1
1 1
5 5
12 11
4 2
2 2
1 1
44 4
1 1
3 4
0 1
3 3
1 1
11 13
1 2
2 3
2 1
8 10
1 1
0 1
0 2
3 6
5 5
2 2
1 1
14 12
3 4
3 4
0 1
1 1
3 2
2 2
2 3
1 1
4 7
1 2
3 2
4 6
0 1
1 1
1 1
0 2
2 2
0 14
1 1
1 1
1 1
1 1
1 1
2 1
2 2
1 1
8 6
1 0
2 2
1 1
1 1
5 5
1 3
2 2
15 14
0 1
10 10
5 4
1 1
1 1
2 2
1 1
0 1
0 1
43 38
5 5
16 18
3 3
1 1
2 1
0 4
0 2
1 1
3 3
1 1
1 1
1 1
3 4
10 10
7 6
1 1
0 2
0 45
1 1
4 2
2 2
1 3
1 1
4 7
0 1
2 1
1 1
1 1
5 1
0 2
3 2
1 2
1 5
1 1
9 5
1 2
2 2
1 1
3 2
1 1
0 3
1 1
4 4
35 12
3 3
0 1
0 1
1 3
4 4
2 3
0 3
0 1
1 1
7 7
10 8
3 3
1 2
25 27
1 3
2 12
1 3
1 3
1 3
1 3
1 3
2 2
0 1
0 6
2 3
3 3
0 1
19 17
1 1
2 1
3 3
1 1
8 9
1 1
5 6
2 2
3 3
26 29
7 12
2 5
7 7
4 6
2 5
1 7
1 3
1 4
7 12
1 1
1 2
0 1
2 2
1 1
1 2
3 7
5 5
3 2
1 2
1 1
8 7
1 1
2 2
2 3
6 6
11 11
1 1
6 5
2 7
0 1
0 1
2 3
2 3
84 82
3 5
0 4
3 4
0 2
5 5
2 3
0 1
1 1
5 5
1 1
4 4
0 1
5 2
1 1
1 1
0 2
0 1
1 1
0 5
2 4
2 5
0 2
90 133
2 2
1 1
5 7
0 6
3 2
6 6
0 4
5 4
0 2
79 64
5 6
8 8
1 1
1 1
2 5
1 3
1 1
197 136
0 1
406 412
1 1
3 4
1 1
4 4
60 52
1 2
1 1
1 1
0 1
0 2
7 10
42 23
1 1
1 2
15 18
2 1
1 2
8 4
1 1
2 3
1 5
1 1
4 1
2 5
7 7
1 5
6 9
0 2
5 9
2 3
4 2
4 6
4 4
2 3
12 6
12 7
7 8
9 6
1 1
3 6
0 1
2 2
0 3
1 3
0 1
6 6
2 4
1 2
1 1
0 2
0 2
1 6
2 7
3 7
5 9
1 4
1 5
1 4
0 2
0 2
0 2
0 2
18 17
8 2
2 2
1 1
5 7
2 5
3 2
1 3
1 1
3 4
0 5
0 3
3 2
7 7
2 2
1 1
1 1
26 29
9 5
2 4
6 5
0 1
1 3
1 2
1 4
3 3
2 2
1 2
4 6
0 3
4 4
0 1
1 2
2 2
2 3
1 3
1 1
0 3
1 1
0 3
0 2
66 68
3 3
21 21
1 1
4 6
3 3
0 1
4 4
31 27
1 1
1 2
4 5
2 2
3 3
1 2
4 5
1 1
41 4
3 2
2 3
0 1
2 2
1 1
17 17
1 2
21 23
18 17
2 3
6 6
1 1
20 19
1 1
1 3
3 3
5 2
23 23
1 1
1 1
8 9
1 1
1 1
17 12
3 3
1 1
1 1
2 2
2 2
3 4
2 1
6 6
1 3
2 2
0 2
12 11
1 2
3 3
2 2
2 2
4 4
4 4
1 1
3 3
8 7
2 2
1 1
0 2
1 1
2 3
6 6
0 1
2 2
4 4
5 5
1 1
5 2
1 1
27 16
3 3
1 1
4 4
5 4
1 1
1 1
1 1
0 1
1 1
3 3
10 10
7 6
1 1
1 1
2 2
1 1
1 1
1 1
1 1
28 23
1 1
5 3
1 1
4 7
3 3
1 1
71 64
1 1
1 0
3 2
2 2
13 10
1 4
2 2
1 1
0 1
0 1
2 2
2 3
3 4
1 1
9 9
2 2
5 5
1 2
1 2
2 2
21 20
17 14
3 3
5 4
65 5
11 9
3 5
20 18
1 1
3 6
0 1
2 2
2 2
1 1
4 4
6 6
4 2
2 2
4 5
4 4
11 10
1 2
2 1
2 2
3 3
8 9
1 1
6 10
76 71
2 1
11 14
2 2
6 6
2 2
2 2
4 5
0 2
1 1
1 1
5 4
3 3
0 1
3 1
1 1
0 1
2 2
1 4
1 2
1 1
2 2
0 2
0 1
5 5
1 1
2 2
0 1
1 4
0 1
1 1
4 3
1 0
2 2
8 8
1 1
128 123
13 14
9 9
2 2
1 1
0 1
7 8
1 2
0 2
1 1
2 2
1 1
1 1
16 14
9 15
9 9
1 2
0 3
0 1
0 1
0 2
0 1
0 2
0 1
1 1
1 1
1 1
2 2
18 16
1 1
1 2
78 48
2 1
4 5
1 1
1 1
5 4
0 1
0 1
3 2
0 1
1 1
0 1
1 1
2 4
3 4
1 1
5 4
1 1
1 1
2 2
1 1
31 30
8 12
8 8
0 1
6 7
5 4
6 7
1 2
1 1
1 1
1 1
4 4
1 1
27 29
12 14
4 2
4 3
1 1
69 64
2 3
13 10
1 2
1 1
0 1
6 8
0 6
1 1
0 6
0 1
9 8
0 1
2 1
3 2
3 3
1 1
5 4
1 2
8 8
6 5
1 1
2 1
37 34
8 7
1 1
6 6
0 1
0 1
4 4
0 1
0 1
1 1
4 3
1 1
0 1
1 3
1 1
2 3
6 6
1 1
1 2
0 2
2 2
0 1
1 1
1 1
0 1
1 1
3 3
0 1
0 2
2 2
1 1
1 1
2 2
1 1
2 2
3 2
2 2
1 2
12 19
5 5
1 1
1 1
1 1
1 1
2 2
3 3
1 1
0 1
0 1
1 1
46 36
1 1
2 2
5 4
2 3
11 10
3 4
25 25
0 1
0 1
3 3
2 2
1 1
1 1
1 1
1 2
0 1
0 1
10 10
5 3
3 3
2 2
1 1
1 1
3 2
1 1
212 17
0 1
9 9
1 1
1 1
3 1
1 1
3 2
0 2
16 16
10 10
1 1
3 3
0 1
1 1
1 1
1 1
5 3
0 1
2 2
3 3
0 1
10 9
1 1
1 1
1 1
0 1
26 20
0 2
1 1
5 6
2 2
0 1
0 1
1 1
1 2
1 1
1 1
1 1
0 2
0 1
0 1
0 2
0 1
1 1
1 1
8 7
6 5
2 2
9 9
2 2
1 1
1 1
4 3
1 2
1 1
2 2
4 5
6 6
14 15
3 2
11 10
2 3
2 1
0 1
0 1
2 2
2 2
8 6
1 1
1 1
2 2
8 11
4 4
1 2
3 2
0 1
0 1
4 5
1 1
0 1
1 1
3 3
1 1
46 47
2 2
3 3
1 1
22 20
0 1
2 1
2 2
0 1
13 14
2 1
2 2
4 4
1 1
13 15
1 1
0 1
14 12
1 1
19 18
1 1
2 2
4 4
5 5
1 1
1 1
1 1
4 6
1 1
4 4
2 2
1 1
4 4
4 3
3 1
2 3
1 1
3 3
2 2
1 2
2 4
1 32
2 1
2 2
1 1
2 2
2 2
0 1
0 1
2 2
3 2
4 6
3 8
1 1
3 2
2 2
9 8
13 15
2 2
1 1
2 2
1 1
2 2
1 1
2 1
1 1
1 1
1 0
2 3
0 1
3 3
7 6
1 1
3 3
1 1
1 1
0 1
3 3
0 1
3 2
3 4
0 3
2 2
2 2
1 2
1 1
1 1
1 1
2 2
0 1
1 1
0 1
1 1
4 4
0 1
2 2
2 1
6 8
4 4
2 2
10 10
9 10
1 2
15 18
2 2
5 5
1 1
3 3
0 1
0 1
7 6
9 9
2 2
1 1
1 1
2 7
1 1
11 9
2 2
2 2
2 1
1 1
1 8
5 5
1 2
1 1
46 48
2 3
4 3
2 2
8 6
1 1
3 2
14 14
1 2
2 2
0 5
1 1
3 2
1 1
4 2
0 1
2 3
0 1
1 1
43 48
1 1
1 2
0 2
0 1
0 2
14 13
0 1
8 6
4 7
4 2
2 3
5 6
1 2
2 2
2 1
8 3
0 2
2 3
0 2
1 0
1 1
3 3
1 1
5 6
0 1
6 5
1 1
0 1
2 2
9 9
3 5
0 1
4 4
0 2
1 1
1 1
0 1
10 11
5 5
2 1
1 1
9 8
0 1
1 3
1 1
3 3
3 4
8 5
1 1
0 1
5 4
1 1
1 1
1 1
2 2
5 6
1 1
0 1
0 1
0 2
1 1
0 1
0 1
1 1
3 3
0 6
0 1
2 2
0 1
2 1
2 2
1 1
2 3
1 2
3 3
1 1
2 5
29 25
0 1
0 1
2 3
3 4
3 3
4 3
2 2
106 100
63 39
5 5
3 3
3 2
0 1
2 2
3 4
1 1
6 4
4 6
47 37
1 1
1 1
1 1
12 14
2 2
1 1
0 3
2 2
1 2
3 4
8 8
1 1
2 1
2 2
0 1
5 4
1 1
1 2
1 1
0 1
3 2
1 2
2 1
10 11
5 4
7 7
0 1
3 1
3 1
2 2
1 1
2 1
1 1
9 3
1 1
7 7
3 2
0 1
2 2
5 4
44 40
9 7
1 1
5 5
4 3
1 1
2 2
20 18
2 1
3 3
3 4
4 4
12 9
2 1
4 3
4 3
0 2
1 1
3 3
3 2
2 4
1 1
2 2
1 1
1 1
0 8
6 6
1 1
4 4
0 1
6 6
1 1
1 1
4 4
37 27
7 5
3 2
1 1
5 5
2 2
1 1
30 32
9 10
2 3
10 8
1 2
0 1
1 1
1 2
1 2
0 16
1 2
0 2
6 2
1 2
1 2
0 1
0 2
1 3
1 4
2 2
1 2
4 2
1 2
1 2
3 3
1 2
1 2
17 18
0 1
26 24
1 1
3 3
7 6
1 1
1 0
2 2
48 46
1 1
9 7
6 6
2 1
2 3
2 2
1 1
0 1
1 1
2 2
1 1
2 2
7 5
2 2
10 7
1 1
3 2
3 2
3 3
1 1
11 13
1 1
3 4
1 1
4 2
1 1
2 2
0 1
1 1
1 1
4 3
3 4
11 11
1 1
1 1
0 1
2 3
0 1
1 1
2 2
1 1
5 5
8 8
1 1
8 6
1 1
3 3
2 3
1 1
4 4
1 1
1 3
0 1
0 1
1 1
5 5
0 1
0 1
1 1
2 3
34 36
1 1
0 1
2 2
3 2
9 11
1 1
16 12
4 5
2 2
1 1
32 25
1 1
10 11
1 1
1 1
2 1
15 16
2 2
2 2
1 1
2 1
2 2
6 1
44 26
10 10
2 1
2 2
38 37
1 1
1 1
1 1
1 1
1 1
1 1
2 1
4 4
2 2
1 1
2 2
1 1
2 2
5 5
22 23
2 2
1 1
0 1
1 1
1 1
1 1
0 1
0 1
0 1
0 1
1 2
3 3
3 3
22 21
1 1
8 5
0 1
1 1
1 1
1 1
1 1
1 1
49 48
4 3
1 1
1 1
50 38
1 1
1 1
1 1
1 1
5 4
11 12
1 1
1 1
3 1
69 61
108 96
1 2
4 3
1 1
89 46
7 7
9 11
14 13
5 5
0 1
1 1
4 4
39 36
0 1
1 2
2 2
2 2
1 1
1 1
6 8
133 129
2 3
1 1
11 13
19 19
2 1
2 2
0 1
1 1
32 81
5 5
1 1
8 4
1 1
2 2
15 15
1 1
1 1
0 1
0 1
1 1
22 21
18 21
1 2
21 16
23 17
0 2
1 1
1 1
6 7
3 4
12 13
5 3
3 2
3 4
1 1
1 1
0 1
1 1
1 1
4 10
1 1
1 1
1 1
27 27
0 1
5 3
2 2
28 6
27 6
25 6
29 6
28 6
28 6
28 5
28 6
28 5
29 5
3 1
3 3
4 3
2 1
6 5
5 4
2 2
7 7
42 36
1 1
2 4
1 1
3 3
10 7
0 1
5 11
0 1
6 5
2 2
19 21
2 2
1 2
0 1
1 1
1 1
3 2
2 2
8 2
105 99
2 1
7 6
3 2
1 1
1 1
2 1
0 1
1 1
3 5
1 1
51 52
2 2
3 3
7 7
3 3
5 5
4 4
1 1
2 1
20 19
5 4
5 6
3 2
1 1
15 16
2 2
1 1
4 3
4 4
1 1
0 1
2 2
2 2
2 2
7 8
2 2
1 2
1 1
1 1
2 4
1 1
0 1
1 1
0 5
1 1
2 2
1 1
5 5
0 1
0 1
65 55
3 3
26 29
1 1
1 1
1 1
3 3
1 1
8 7
2 1
0 1
1 1
10 10
1 1
24 24
4 5
0 1
1 1
104 128
6 4
3 3
1 1
1 1
5 7
2 2
36 32
28 26
1 1
0 1
1 1
0 1
9 9
1 1
1 1
1 1
1 1
2 1
74 71
2 2
4 1
28 10
1 1
3 3
8 9
3 3
3 2
2 2
10 8
1 1
0 1
0 1
0 1
0 1
0 1
0 1
0 1
0 1
0 1
0 1
0 1
0 1
0 1
0 1
4 5
0 1
1 1
0 1
2 2
6 6
0 2
1 1
2 2
5 4
0 1
27 26
1 1
1 1
0 1
10 9
10 9
10 10
1 1
1 1
1 1
7 11
1 1
4 6
5 4
1 2
0 2
1 1
2 3
1 2
0 1
1 1
2 2
2 2
2 2
6 5
2 3
2 2
15 16
3 3
1 1
3 3
3 4
1 1
8 8
0 1
1 1
1 1
2 1
1 1
2 2
4 4
1 1
190 115
1 1
1 1
1 1
3 3
0 1
4 4
2 2
12 15
4 5
1 1
1 1
2 1
1 1
4 4
4 4
1 2
3 6
0 1
32 31
1 1
1 1
6 7
8 9
1 1
2 3
1 1
2 2
1 1
0 1
2 2
2 2
2 2
1 1
1 1
2 2
2 2
1 1
3 3
0 1
2 2
2 3
1 1
3 2
1 1
1 1
0 1
1 2
0 1
2 1
1 2
0 1
0 1
0 1
0 1
0 1
0 1
0 1
0 1
0 1
3 1
6 2
1 1
2 2
6 5
1 1
1 2
0 1
1 1
0 1
12 18
2 2
1 1
4 2
0 2
0 1
9 12
2 1
3 3
1 1
2 2
2 2
1 1
0 1
1 1
1 1
4 3
3 3
1 1
0 1
2 2
1 1
0 1
0 2
0 4
0 9
1 1
1 1
1 1
2 2
1 1
1 1
1 1
5 4
18 16
3 3
2 1
1 1
9 7
22 21
29 7
0 1
1 1
8 9
1 1
3 5
7 6
2 2
1 1
3 2
0 1
0 1
7 9
1 0
1 2
2 2
1 3
7 6
12 14
2 2
0 2
2 2
5 4
1 1
0 1
1 1
1 1
56 41
2 2
1 1
0 1
1 1
2 2
1 1
0 2
3 3
1 1
1 1
2 2
1 1
0 2
4 2
4 4
0 1
1 1
2 2
1 1
24 14
4 1
1 1
1 1
7 5
1 1
1 1
1 0
8 4
0 3
1 1
2 1
0 12
0 1
6 6
0 1
1 1
5 6
2 3
2 2
1 1
1 1
3 5
264 222
6 8
1 1
1 2
1 1
1 4
3 3
12 13
1 1
1 1
2 2
1 1
2 2
6 4
17 7
34 20
5 5
1 1
202 203
13 13
4 4
0 7
1 2
3 4
1 1
0 1
20 20
1 1
3 3
1 1
17 20
0 1
0 1
0 1
1 1
3 3
4 3
4 4
2 2
2 2
0 6
9 6
1 1
5 5
1 1
1 1
9 10
2 2
17 17
2 2
13 11
1 1
1 1
0 1
0 1
1 1
13 10
2 2
1 1
1 1
1 12
9 11
3 3
1 1
1 1
1 1
1 1
1 1
1 1
1 1
3 3
3 3
24 19
9 8
1 1
5 7
3 2
2 2
1 1
4 5
0 3
11 12
4 4
2 2
4 5
3 2
3 3
4 11
3 3
1 1
5 6
21 19
17 19
7 9
0 1
5 5
0 4
0 2
172 158
1 1
1 1
1 1
8 7
2 2
7 5
0 1
1 1
3 2
4 4
24 9
4 3
1 1
35 29
2 3
1 1
1 1
1 1
0 1
0 1
0 1
4 2
1 1
1 1
1 1
28 26
38 31
3 3
1 2
1 1
1 1
32 31
1 1
1 1
6 6
0 1
8 1
19 0
0 2
1 1
3 3
1 1
3 6
11 10
1 1
11 12
3 3
6 6
6 5
1 1
1 1
1 1
1 1
1 1
1 1
1 1
2 1
0 1
3 3
4 14
0 2
0 1
9 9
4 3
1 2
0 3
17 16
11 10
1 2
0 2
42 42
3 3
25 24
1 1
1 1
1 1
1 1
0 1
7 13
0 1
1 1
1 1
4 4
1 1
1 1
1 1
10 11
5 5
12 13
0 2
0 2
3 3
52 17
1 1
1 1
2 2
6 5
1 1
1 2
2 2
5 4
1 3
2 2
1 2
1 1
3 3
8 6
0 2
2 2
1 1
0 2
3 3
7 8
44 42
1 0
0 1
2 2
8 8
2 2
3 2
1 1
3 2
3 4
4 3
2 3
2 2
12 12
2 3
6 5
1 1
4 4
11 12
1 1
8 8
1 1
2 6
1 1
0 1
5 5
2 3
1 1
1 1
1 1
2 1
0 1
2 4
45 51
26 27
3 3
1 1
1 1
2 3
3 2
1 0
0 1
3 3
1 1
1 1
13 13
3 3
4 6
1 1
10 8
1 1
2 1
2 2
1 1
3 3
3 2
5 8
4 4
1 2
20 18
0 1
0 1
0 3
0 1
0 1
0 1
0 1
0 1
0 1
0 3
0 1
0 1
0 2
4 5
1 2
1 1
2 2
8 8
4 3
2 2
1 1
1 1
2 2
6 6
1 1
7 7
11 10
1 1
0 3
4 4
1 1
1 1
3 3
1 1
0 1
39 38
1 2
1 2
1 1
0 4
2 2
0 3
0 2
1 1
40 9
0 1
26 24
1 1
1 1
3 3
49 47
0 1
6 11
1 1
4 4
2 7
8 2
0 1
2 2
2 2
9 9
5 5
22 25
64 33
1 1
13 10
1 3
1 3
2 2
2 3
0 3
0 4
0 2
0 1
8 8
0 2
0 2
7 8
1 1
2 1
2 2
0 1
5 4
1 1
27 26
1 2
0 4
2 2
0 1
2 4
1 1
107 82
5 4
3 3
0 1
3 1
14 13
5 7
18 15
4 4
1 1
37 33
2 2
1 1
1 1
3 3
5 4
0 1
1 1
2 1
3 2
2 2
10 7
1 1
1 1
3 2
1 1
7 0
2 1
18 18
4 3
1 3
7 7
5 4
3 3
3 3
2 3
8 8
2 1
5 5
1 1
2 4
2 3
3 3
1 1
10 7
4 4
11 12
10 10
1 1
1 2
3 4
5 4
1 1
2 2
1 1
1 1
1 2
5 6
5 6
1 1
70 72
2 2
4 6
1 1
1 1
1 1
1 1
3 3
1 1
5 5
0 1
0 1
63 83
0 2
3 4
12 13
1 1
1 1
3 3
5 4
2 2
3 4
2 1
12 13
6 6
1 2
4 6
67 69
7 5
2 1
1 1
0 1
21 25
1 2
1 3
1 1
1 1
9 7
1 1
17 21
3 4
3 4
3 4
2 2
14 21
14 18
17 16
1 1
5 16
0 1
12 18
8 24
3 3
9 22
13 19
0 17
14 20
16 21
16 21
17 22
17 20
11 33
3 20
1 1
13 25
2 6
11 23
1 1
1 1
1 1
8 8
75 80
1 1
1 1
3 3
8 10
3 3
1 1
4 17
0 2
2 2
0 1
0 1
0 2
3 33
1 2
8 8
12 12
2 1
8 7
1 1
3 4
8 10
3 3
1 1
3 3
4 29
1 1
3 5
1 2
0 1
0 1
0 6
1 3
1 3
3 16
2 19
5 4
6 11
3 3
5 4
0 14
1 7
1 1
1 1
4 4
1 1
6 10
1 1
2 2
4 5
1 1
3 1
3 2
2 1
3 3
6 7
0 1
4 1
1 1
0 1
2 5
1 1
0 1
8 9
1 1
2 2
4 6
1 1
1 2
3 3
4 3
1 2
2 2
6 6
2 2
43 9
0 1
0 1
0 1
0 1
6 4
0 1
0 1
0 1
0 1
0 2
0 1
0 1
0 1
0 1
0 1
1 2
0 1
1 2
0 1
0 1
0 2
0 1
0 1
0 1
1 2
0 1
0 1
0 3
0 1
0 1
0 1
0 1
0 1
0 1
0 1
0 1
0 1
0 1
0 1
2 3
0 1
0 1
0 1
0 1
1 2
0 1
0 1
0 1
0 1
0 1
0 1
21 19
13 11
1 2
1 2
8 7
0 2
1 1
1 2
1 1
8 8
1 2
1 1
0 1
1 1
5 3
0 1
1 1
1 2
1 1
1 1
1 1
0 1
0 2
1 3
9 4
1 1
3 5
2 3
1 2
1 0
1 1
0 1
0 2
3 1
2 2
1 1
8 7
2 2
5 4
0 1
3 2
58 54
1 1
1 3
0 1
2 2
8 7
3 3
14 16
1 1
0 1
7 8
1 1
2 1
2 2
1 1
0 1
6 6
6 10
0 2
1 1
0 3
4 4
0 1
6 7
12 6
2 2
3 2
5 4
6 5
0 1
3 2
1 1
0 1
1 2
0 1
2 2
5 7
1 2
1 1
1 1
28 29
27 27
0 1
0 1
1 1
0 1
1 1
3 3
1 2
2 2
3 3
6 8
18 17
1 0
0 1
4 4
3 2
17 21
0 1
2 2
16 15
1 1
1 1
1 1
1 7
9 10
13 13
1 1
1 1
0 1
1 1
1 1
0 1
0 2
2 1
1 1
6 6
1 1
0 1
0 1
0 1
0 1
0 1
0 1
2 2
5 3
1 1
3 3
3 3
1 2
21 29
5 5
1 1
2 2
31 26
1 2
4 1
2 1
0 1
0 2
0 2
0 4
0 2
0 3
0 2
0 1
11 11
1 5
0 1
2 2
0 1
2 2
1 1
5 4
1 1
0 1
0 1
0 2
0 1
0 1
0 2
0 1
0 1
0 1
0 2
6 1
0 2
0 1
1 2
0 1
1 1
1 1
2 2
1 1
7 8
1 2
2 3
1 1
4 3
4 4
0 1
0 1
1 1
1 1
0 1
0 1
1 1
1 1
1 1
3 4
1 1
3 2
2 2
10 9
1 1
1 1
4 7
4 4
3 6
1 1
2 2
7 4
3 6
1 1
13 3
1 1
5 2
3 5
3 2
0 1
2 1
0 1
1 1
0 1
2 2
0 1
0 4
0 1
3 3
1 1
3 3
0 1
0 1
2 1
3 3
25 24
1 2
1 2
1 1
0 1
0 1
4 5
0 1
5 1
1 1
22 19
5 5
0 1
6 8
17 16
5 5
3 3
1 1
1 1
2 2
3 1
1 1
2 4
3 2
0 1
2 3
5 5
1 1
1 1
1 1
2 3
3 3
4 4
1 1
1 1
1 1
1 1
3 2
0 1
2 2
1 1
4 4
0 1
1 1
0 1
2 5
1 1
1 1
0 1
0 2
7 7
8 4
5 8
5 8
5 8
5 8
4 8
5 7
3 3
1 2
6 2
1 3
0 1
1 1
4 4
2 4
0 2
0 1
0 1
1 1
1 5
1 1
1 1
1 2
1 1
0 1
1 1
1 1
2 2
1 2
1 1
2 2
0 2
2 1
0 1
24 20
0 2
4 4
1 1
1 1
0 1
0 1
0 1
0 1
0 1
0 1
0 1
0 1
4 6
0 1
1 1
2 2
2 2
2 2
1 1
1 2
1 1
5 3
0 1
0 1
1 1
1 1
1 1
4 6
2 2
1 1
1 3
1 1
0 1
0 1
0 1
3 3
6 6
0 1
1 3
2 3
2 2
2 2
1 1
7 7
0 2
0 1
0 3
0 2
0 1
0 2
0 1
4 3
2 2
7 13
0 1
0 3
0 2
0 2
0 1
1 1
0 2
1 1
0 1
0 1
0 1
0 1
0 1
0 1
0 1
0 1
0 1
0 1
0 1
0 1
7 7
0 1
0 1
1 1
0 1
4 2
0 1
0 1
0 1
1 1
0 2
5 6
1 1
1 1
0 4
0 1
0 1
1 4
1 1
3 6
0 1
11 9
9 8
8 7
3 3
7 6
6 5
6 5
5 5
0 4
0 3
0 3
0 2
1 1
0 1
0 1
1 1
2 7
3 4
0 1
1 4
1 3
2 8
1 2
2 1
0 1
0 1
0 1
4 5
0 1
1 2
16 14
0 1
5 9
0 1
0 1
3 1
3 2
1 2
1 5
3 1
2 4
0 3
65 63
1 1
4 4
0 2
1 1
2 3
0 1
0 1
1 1
1 1
5 5
2 2
17 16
0 1
0 1
13 14
0 1
2 1
2 2
1 1
1 2
1 1
0 1
1 1
0 1
1 1
1 1
3 3
0 1
6 5
0 2
1 1
0 1
0 1
0 1
2 3
0 1
0 1
1 1
1 1
8 7
0 1
1 1
2 1
1 1
0 2
7 6
0 2
0 1
1 1
0 1
3 3
1 1
1 1
6 6
0 1
7 7
1 3
4 5
0 4
0 1
0 1
1 1
0 1
0 1
0 3
7 8
1 1
1 1
1 1
3 3
7 7
0 1
0 1
2 2
2 7
1 4
0 1
0 1
1 1
1 1
0 1
0 1
0 1
0 1
0 1
0 1
0 1
0 1
0 1
0 1
0 1
0 1
0 1
0 1
0 1
0 2
2 2
0 1
0 1
0 1
0 1
0 2
2 3
3 3
0 3
1 1
0 1
0 1
0 1
2 3
11 9
0 1
1 1
25 16
1 1
0 1
23 31
2 2
2 2
1 3
0 1
45 15
0 1
1 1
3 3
2 5
1 3
0 1
1 1
0 1
0 2
0 2
0 2
0 2
0 2
0 2
0 2
0 2
0 2
0 2
0 1
3 3
5 8
0 1
0 1
0 1
0 1
0 1
1 2
0 1
0 1
1 1
0 2
0 2
1 1
5 4
4 4
0 4
1 0
1 1
0 1
0 1
0 1
2 2
0 1
0 1
0 1
25 24
11 10
0 1
0 1
7 6
0 1
2 2
3 3
1 1
1 1
1 1
2 2
1 2
1 2
1 1
0 1
1 1
2 2
3 3
2 2
0 1
0 1
5 4
1 1
2 2
2 2
1 1
0 1
1 1
1 1
1 1
3 4
10 9
4 4
2 3
5 7
1 1
1 1
1 1
1 2
0 1
1 2
21 20
1 1
0 1
0 1
0 1
0 1
0 1
13 11
5 7
0 1
4 4
0 1
0 1
0 1
19 18
0 1
3 3
5 5
0 1
0 1
2 1
1 1
1 6
31 35
1 1
4 6
0 1
6 1
11 11
0 2
3 4
4 7
4 7
5 5
10 8
23 17
2 3
2 4
0 3
0 1
0 1
0 2
4 3
0 2
1 1
3 3
1 1
0 1
1 1
0 1
1 1
0 1
1 1
0 1
5 6
0 1
0 1
2 2
1 3
30 14
29 22
6 7
1 1
1 3
0 2
9 2
0 3
0 1
1 1
0 1
3 2
2 4
6 7
23 19
3 2
2 3
9 5
0 2
0 1
1 3
0 2
0 3
1 2
3 2
0 1
0 1
5 3
5 2
11 9
0 1
1 4
4 3
0 1
28 27
0 1
0 1
1 1
3 3
1 5
0 2
4 7
2 4
2 2
3 3
0 1
1 1
10 1
1 1
0 1
1 1
1 1
1 1
0 1
1 1
9 7
5 9
1 4
1 1
2 3
0 1
0 6
1 5
1 1
1 1
1 2
2 2
2 2
0 1
0 1
0 1
0 1
0 1
5 5
15 16
0 1
1 1
1 4
10 12
1 1
2 2
0 1
2 3
0 1
0 1
0 1
0 1
3 1
1 1
5 7
4 4
0 3
4 6
4 7
50 50
6 5
1 1
0 2
0 1
2 3
5 4
1 2
12 9
8 2
2 4
1 1
1 1
11 12
9 10
6 5
3 1
0 2
1 3
17 21
3 3
7 3
1 7
0 2
0 1
1 2
0 1
1 3
0 1
0 1
0 1
4 1
9 7
1 3
2 4
0 1
0 1
8 9
13 6
1 1
1 1
2 2
0 1
0 1
8 5
0 1
1 1
1 1
2 2
1 1
9 4
1 1
1 1
1 1
1 1
1 1
2 2
0 1
1 2
6 6
1 1
0 1
2 2
1 1
0 1
1 1
0 2
2 1
1 1
3 2
4 5
6 10
1 1
1 1
1 1
2 2
7 9
0 1
3 1
0 1
2 3
1 1
0 1
0 1
0 1
0 1
4 4
1 1
0 2
1 1
0 2
4 25
0 1
1 1
3 3
1 1
1 0
0 2
3 4
0 1
0 1
1 1
1 1
1 1
1 1
1 2
4 6
1 4
1 4
1 4
3 3
1 1
1 2
0 1
2 1
1 0
1 1
0 1
0 1
1 1
1 2
1 1
0 1
0 2
0 1
0 1
0 2
0 2
0 1
2 2
0 1
0 1
0 3
0 1
5 5
5 3
1 1
6 4
5 3
0 3
6 2
1 1
0 1
0 1
0 1
0 1
0 1
0 1
0 1
0 1
0 2
4 4
0 1
1 1
0 1
0 1
2 2
0 1
3 2
4 3
0 1
0 1
1 2
0 1
0 1
1 2
0 1
1 1
1 1
0 1
1 1
0 4
2 2
7 8
1 1
1 1
1 2
0 1
1 1
4 7
0 2
0 1
0 1
0 1
0 1
1 1
0 1
0 1
1 1
1 1
0 1
4 3
1 1
7 4
5 3
0 1
0 1
0 1
7 8
0 1
11 10
2 2
2 1
5 3
0 1
2 1
1 1
0 1
1 2
1 1
1 1
2 2
3 3
0 1
1 1
0 7
1 2
1 2
1 1
1 1
3 3
1 1
3 2
11 4
1 1
2 2
0 1
0 1
1 1
1 1
1 1
3 3
0 1
1 1
1 1
0 1
1 1
1 1
0 1
0 1
1 2
1 1
0 2
0 2
0 2
0 2
0 2
0 2
0 1
0 1
0 1
1 1
4 3
2 2
3 1
0 3
0 1
2 2
0 1
1 1
1 1
1 1
0 1
0 1
1 1
1 1
3 2
0 1
0 1
2 3
1 1
0 1
1 1
2 2
1 2
1 1
0 1
0 1
0 1
0 1
0 1
1 1
0 1
1 1
0 2
0 1
0 1
7 5
0 1
0 1
2 2
0 1
13 13
1 1
0 1
2 2
0 1
0 1
6 4
1 1
0 1
1 1
0 1
0 1
0 1
0 1
1 2
1 1
1 1
2 2
1 1
1 1
6 3
6 6
0 1
2 2
0 1
3 3
2 2
3 3
3 3
5 5
1 1
8 3
1 1
0 1
3 3
1 1
1 1
1 1
1 1
0 1
0 1
1 1
1 1
1 1
1 1
2 3
6 5
3 6
1 1
3 2
0 1
1 1
0 1
1 1
0 1
0 1
0 1
0 2
0 1
0 1
0 1
4 4
10 10
1 1
2 1
0 1
0 1
1 1
1 1
3 3
0 1
1 1
1 1
2 1
1 1
1 1
0 1
0 1
0 1
1 1
1 0
0 1
0 1
0 1
0 1
